             % 4 x 4 x 2 PCA
            W =

    2.1395    2.9370    9.3116   -4.9151
    0.6148    2.0125   -0.1012   10.3821
    0.4492    1.7583    6.9351   -5.4748
   -3.6291   -6.7690    1.2949   -4.3555
             
   

V =

   13.0317   -8.3203    8.7258  -10.7983
   -2.7039  -15.3749    3.0482    9.8210
             %


             % 4 x 4 x 4 PCA
            W =

    4.1029    5.2417   -0.9055    8.6337
    1.9799    3.0922    8.1998   -6.8258
    1.2517    0.9429   -7.4303   -8.1054
   -3.6026   -7.6489    0.8801    2.9219



V =

    8.3142  -10.4854  -11.3196    1.7761
   -9.1971   -9.5248    9.3712   -0.0370
    4.4363    4.3143    1.8040  -13.7157
  -10.2284    8.9713   -9.1670    0.2654
             
             %


             % 9 x 8 x 2     NO PCA 8 INPUT       
             
W =

    0.4256   -1.1854    0.0327    0.0163    1.8468    1.6127   -0.3798   -4.5509   -1.0139
    1.2929    0.8068   -2.4692    0.1699   -2.6129   -2.2275    0.4914    3.6406   -1.1350
   -2.2029    0.1864    2.7846    0.5684    2.3986    1.8181   -0.1047   -1.2703    1.8723
    1.4406   -0.2484   -2.1110   -0.5603   -1.7955   -1.2386    0.1194    0.6021   -1.4800
   -1.3928    1.4217    2.2074   -0.7166   -1.9871   -1.4338    0.4840    6.2110    3.2028
    1.3429    0.5254   -2.2094    0.0356   -2.2010   -1.8168    0.3894    2.7501   -1.1339
    1.7869   -1.3301   -3.1165    0.9747    1.9615    1.4523   -0.2487   -6.3617   -4.0875
   -2.0426    0.0834    2.5803    0.4906    2.2503    1.7431   -0.0763   -1.3053    1.7344



V =

    4.9666   -1.8397   -2.2406    1.8538   -8.7547   -0.8425   10.4954   -1.8116
    3.9028   -6.4442    6.0019   -3.8614   -1.8992   -5.2809   -0.9134    5.5744
             %

             
             
             % 9 x 8 x 4      NO PCA 8 INPUT
             W =

    1.6022   -3.0483   -2.6991    0.9191    2.8566    1.0899   -0.3930   -5.5344   -3.8528
    2.9246    0.6879   -4.3564    0.1678   -3.7976   -3.3614    0.5771    4.1977   -2.3154
   -1.2616   -1.0683    1.0545    0.6844    2.8724    1.7377   -0.2111   -3.2228   -0.0878
   -0.3696   -0.2797    4.5607   -4.2136   -0.9538    1.9677   -0.8818   -2.9272    3.2701
    2.5759   -1.8360   -0.1719   -4.6156   -3.1251   -0.2220   -0.9123   -3.2236   -0.5929
   -2.3780    2.2129    1.7042    2.9759    2.0410    0.6519    0.8104    2.9383    1.9086
   -1.2835    1.1318    0.4967    2.2574    1.5726    0.3013    0.5318    1.7466    0.6250
    1.0646    1.5468    1.7934   -2.2826   -2.9090   -0.5664    0.0313    2.3647    2.4153



V =

   -6.6278    6.9241   -5.2976   -7.3788   -5.7029    2.4512    0.2994    0.2255
   -6.2983   -8.4356   -0.7559    7.3653   -0.8958    0.0568   -1.2590    2.1404
    2.7416    2.9369   -1.6656   -0.6656    6.3735   -6.8227   -4.3635   -0.4836
    5.8504   -4.3590    3.5224   -4.0043   -3.9706    0.0266    0.1134   -6.8021

             %